enron, 0.401513, 0, 0.401513, 0 
2000, 0.410287, 0.0274074, 0.38288, 0.0626176 
!, 0.132526, 0.508889, 0.376362, 0.793384 
cc, 0.353707, 0.00444444, 0.349262, 0.0124094 
thanks, 0.366717, 0.0577778, 0.308939, 0.136109 
hpl, 0.300454, 0, 0.300454, 0 
your, 0.209985, 0.503704, 0.293719, 0.705775 
gas, 0.304085, 0.0155556, 0.288529, 0.0486658 
http, 0.0357035, 0.318519, 0.282815, 0.899206 
daren, 0.281694, 0, 0.281694, 0 
pm, 0.277458, 0.00962963, 0.267829, 0.0335424 
am, 0.314977, 0.0481481, 0.266829, 0.132594 
forwarded, 0.249622, 0.000740741, 0.248881, 0.00295867 
ect, 0.242057, 0.00222222, 0.239835, 0.00909704 
hou, 0.234191, 0.000740741, 0.23345, 0.00315301 
deal, 0.253555, 0.0207407, 0.232814, 0.0756145 
attached, 0.236006, 0.00740741, 0.228599, 0.0304314 
on, 0.576399, 0.34963, 0.22677, 0.377558 
please, 0.428442, 0.205926, 0.222516, 0.324616 
here, 0.0826021, 0.303704, 0.221102, 0.786174 
more, 0.0686838, 0.286667, 0.217983, 0.806715 
2001, 0.220575, 0.00296296, 0.217612, 0.0132549 
for, 0.75764, 0.547407, 0.210233, 0.419454 
meter, 0.205446, 0, 0.205446, 0 
no, 0.118003, 0.320741, 0.202738, 0.731043 
me, 0.346747, 0.145926, 0.200821, 0.296192 
corp, 0.209077, 0.0177778, 0.191299, 0.0783663 
let, 0.231165, 0.0444444, 0.18672, 0.161259 
know, 0.269592, 0.0859259, 0.183666, 0.241693 
(, 0.437519, 0.257778, 0.179741, 0.370745 
farmer, 0.171861, 0.00296296, 0.168898, 0.0169483 
01, 0.187897, 0.0288889, 0.159008, 0.13326 
nom, 0.154614, 0.000740741, 0.153873, 0.00476805 
questions, 0.170045, 0.0177778, 0.152268, 0.0946517 
all, 0.167322, 0.317037, 0.149715, 0.654549 
mmbtu, 0.14826, 0, 0.14826, 0 
our, 0.155522, 0.302963, 0.147441, 0.660792 
www, 0.0293495, 0.176296, 0.146947, 0.857281 
will, 0.361271, 0.214815, 0.146456, 0.372887 
see, 0.235401, 0.0955556, 0.139845, 0.288725 
xls, 0.138275, 0, 0.138275, 0 
if, 0.370651, 0.234074, 0.136576, 0.387075 
from, 0.408472, 0.274074, 0.134398, 0.401547 
email, 0.0605144, 0.192593, 0.132078, 0.760914 
by, 0.363691, 0.232593, 0.131099, 0.39007 
11, 0.177912, 0.0474074, 0.130505, 0.210401 
000, 0.204539, 0.0740741, 0.130465, 0.265868 
com, 0.166717, 0.295556, 0.128838, 0.639353 
best, 0.0272315, 0.155556, 0.128324, 0.851021 
file, 0.141604, 0.0162963, 0.125307, 0.103206 
10, 0.244478, 0.119259, 0.125219, 0.327872 
volume, 0.135855, 0.0111111, 0.124744, 0.0756033 
02, 0.13767, 0.0155556, 0.122115, 0.101521 
volumes, 0.118911, 0, 0.118911, 0 
03, 0.13767, 0.0192593, 0.118411, 0.122726 
$, 0.112557, 0.23037, 0.117814, 0.671777 
click, 0.0269289, 0.143704, 0.116775, 0.842182 
12, 0.173374, 0.0577778, 0.115596, 0.249956 
get, 0.134644, 0.24963, 0.114985, 0.649613 
only, 0.0892587, 0.202963, 0.113704, 0.694551 
money, 0.0136157, 0.124444, 0.110829, 0.901378 
be, 0.423601, 0.313333, 0.110267, 0.425185 
sitara, 0.109531, 0, 0.109531, 0 
texas, 0.1177, 0.00888889, 0.108812, 0.0702183 
04, 0.122542, 0.017037, 0.105505, 0.12206 
09, 0.115885, 0.0111111, 0.104774, 0.0874917 
online, 0.016944, 0.121481, 0.104537, 0.877595 
contract, 0.119213, 0.0148148, 0.104398, 0.110535 
bob, 0.105598, 0.00296296, 0.102635, 0.0272932 
should, 0.193041, 0.0911111, 0.10193, 0.320642 
now, 0.081997, 0.182222, 0.100225, 0.689663 
re, 0.235703, 0.136296, 0.0994072, 0.366388 
following, 0.119818, 0.0222222, 0.0975962, 0.15645 
have, 0.413918, 0.317037, 0.0968813, 0.43373 
08, 0.112254, 0.0155556, 0.0966986, 0.121709 
free, 0.0393343, 0.134815, 0.0954805, 0.774134 
#, 0.194554, 0.0992593, 0.0952944, 0.337831 
call, 0.131316, 0.0362963, 0.0950199, 0.216549 
need, 0.204539, 0.11037, 0.0941682, 0.350483 
flow, 0.106808, 0.0133333, 0.0934745, 0.110981 
stop, 0.00816944, 0.0992593, 0.0910898, 0.923955 
nomination, 0.0910741, 0, 0.0910741, 0 
prices, 0.0121029, 0.100741, 0.0886379, 0.892746 
robert, 0.0959153, 0.00740741, 0.0885079, 0.071692 
one, 0.101967, 0.188148, 0.0861814, 0.64853 
month, 0.139486, 0.0533333, 0.0861523, 0.276598 
at, 0.359455, 0.274074, 0.0853813, 0.432615 
this, 0.460514, 0.375556, 0.0849588, 0.449192 
any, 0.255371, 0.171111, 0.0842595, 0.401216 
00, 0.171558, 0.0874074, 0.0841508, 0.337525 
us, 0.104085, 0.187407, 0.0833227, 0.642924 
06, 0.0880484, 0.00740741, 0.080641, 0.0776004 
time, 0.10469, 0.185185, 0.0804953, 0.638845 
713, 0.0804841, 0.000740741, 0.0797434, 0.00911963 
day, 0.146747, 0.0674074, 0.0793399, 0.31476 
07, 0.0850227, 0.00592593, 0.0790968, 0.0651569 
05, 0.100454, 0.0214815, 0.0789724, 0.176171 
many, 0.0205749, 0.0992593, 0.0786844, 0.828305 
most, 0.0236006, 0.102222, 0.0786216, 0.81243 
2004, 0.000302572, 0.0785185, 0.0782159, 0.996161 
